2.2150142462188116              -1.2149688498426678
-0.6319469218052977              -7.399879624024897
-0.8425736376448164              4.660950759636143
-0.8151898876436879              -5.812186605187266
-0.45591327792349967              -1.906129347557297
-1.1141941985519044              2.291694574609187
0.31862559040598626              -2.6907168348542343
-1.4754194037415413              -0.7766966379432187
-1.1214166071255645              2.3662828900584776
-0.3562701065754773              -0.5053402126062768
-1.6490832701223357              -0.25132749792659514
-0.14322479613299527              -4.779110996801825
2.025482752728475              0.12744718205619587
-0.12619799231886805              -2.135891642912487
1.8438327075924315              2.6744371209633266
1.0044370581964277              3.3613754798145186
-1.3005600232093322              3.1580743918706706
-0.13551033295318476              3.7831127584237727
-0.1021879179079696              -0.34441966524527245
-0.4005661182715376              -0.2529765678676496
-2.824922552189375              2.38973459304587
-0.2521071522244552              1.0222409305875373
0.7704235913137171              5.676716000772441
1.6015918116713594              1.7584787579869914
0.9134753167591316              0.729730508600108
-0.7639653727040164              2.9783959956528805
-0.1007926864097299              -1.2566433795438574
1.2149003105450453              1.7115618216207822
-0.5278388773235863              3.9619369986835933
-1.8222054811400636              -3.5755956266891036
-0.6196044415447101              3.832346102235387
-0.16331835926820576              2.9509746066162097
0.7250855022778764              1.2847688510940634
-0.42649695324615533              3.30275397290104
2.103120381912297              -1.7572220638219818
-1.6825262661651825              -0.587345028085859
1.2657626795530388              -2.7768882790679896
1.0269375829273115              0.40015047694754347
1.5218171025296796              -2.1914730406847553
-2.4949995605081754              -0.6799745305133016
-0.6707830718833901              -0.9089154790388143
-0.007930198504309276              -1.4846735298415636
-0.9828805417854697              1.3262336013087719
2.0151262667999528              -2.224420976097668
1.5632319303948563              -4.57104574704169
0.04424422182981908              -0.5443281545583174
-1.7249046255609257              4.774320101158402
0.9050444914481309              0.22391171863012205
0.5996137003426661              3.0900259216644805
-1.6492316481147602              3.581752996893481
-0.9185002494296252              -0.5746194423102522
-0.07130203493842521              0.48650803132707754
-0.37844461423883696              -0.8836003751600853
1.530953953403273              -0.21356829177135728
-0.6201621511384222              -1.305930812524973
-0.33927866607705864              1.9066652614270794
-0.994738359127357              -1.8876460229964993
0.30869974129403643              2.7285336165949703
0.7207901128859717              1.4138486056578832
0.5928372663080698              0.3949733696234757
-2.052765078340293              1.9403862436882982
-0.3611036229679356              -0.9455819942733703
0.7333030498805044              0.264121439804451
1.4327963408625903              -3.1635329229394564
1.8827468345287355              -0.06504257568608626
0.2166186552201391              1.3926140119957566
-0.33401793759313436              -0.45963290799264156
-0.27901529644838996              5.416982036154094
0.20016102939703048              0.7145662142420682
1.8694165693676412              0.3659310983898529
-0.45911390344577613              5.329517606999262
-1.0473195966849012              3.811779154779202
0.4251753961558857              1.8570472898689632
-0.20931915900306805              0.5427422529172152
-0.0959318410816558              6.536287823832047
0.23474222946407922              2.521833468224114
1.6982741632553244              -7.622549495166275
-0.775057168341333              -3.8955286853040545
-0.37927303297272413              -4.41668977605957
-2.0302068703881795              -1.045782547687085
1.5947607998775735              0.3414469887869126
-0.9130860512921901              1.5468188649131065
-1.9600847131556334              6.04428946317878
0.6202307271570601              -1.0363241265005017
1.9796953959427126              0.5560849996278381
-0.22672808598235702              -7.468591503207671
-0.447164943826675              -0.3965796367515214
-0.40218076133084535              3.090190306901796
1.3054293904285346              0.7933052377837894
0.35661705266739696              2.5651343070599397
1.0990123639563445              -1.8725833426896812
-0.4865101343610068              1.163280041920225
-0.016341979805802473              -6.434296926349093
0.8173767530263696              7.473369425043172
-0.18893790110453607              -3.808513092857875
-0.845482218667645              -0.9036368938152417
-0.023951936866315568              -3.466412471012176
0.5160651721810214              -1.103147517259687
0.021139912120235707              -6.989514238033943
-0.707690476291436              3.099602328289071
1.0399768713198263              5.140102309977693
0.6113034335925734              3.1165805828761566
-1.5070718924473232              -3.4237244098529196
0.394132202886653              1.519968210398811
2.457234860557951              -0.12284179174321104
0.2594792772155212              -1.8911989651297871
1.230112726742693              -1.5132285815433382
0.528016427633984              1.7438332914736612
-2.0054855613735185              -4.424258191060671
-1.5704802952598365              -1.292649268889662
0.7631588272508874              2.155107240690838
0.7749366444291704              -1.2137039224820796
0.7154528515205967              -1.8099379725417013
-0.537074688094001              -2.5651725751139582
-0.01504795042225029              0.6125258125038038
-2.0270271781407594              -1.3155729357465824
0.660483519911381              -0.7439067478216463
-1.1766146728908227              1.3762830316261943
-0.01580420258629823              1.890343827916665
0.743046853681281              -1.543730956270082
-0.11393144243582212              -0.20099934941417982
1.58898893732395              -3.8005269127508816
-0.14958455661096548              -4.586401897835984
-0.5688908342448117              1.8270348739009965
0.7777569933586875              4.748293123373605
0.3052650886930891              -0.22949556770064378
-0.27408193967228134              -0.5867781961124168
0.850712735959378              5.047522841756604
1.0129273342892648              -0.2022347840302433
0.523005676318826              -6.421008157313154
-0.777141989554697              -0.6712682687723728
0.5500522258206976              4.360651077583365
-0.24233080869682214              -0.21393815188910967
-2.1617798026521915              0.9437477888950169
1.0208195695332627              -1.1934823746036918
-1.140040124889406              6.852164391736309
0.04061631162471458              1.3758714430017618
-2.176661163518526              5.036843492072699
0.77188497754948              -4.968370293460578
0.4531565225568293              -2.2935186425536807
-0.02840627717421609              3.4876297905863662
1.0328646791427938              -1.4515930046499463
-0.518766461674728              4.867792806185226
0.40086895080487894              -2.120429533041896
-0.5897023817058477              2.526571532245422
-0.24970058538184162              -2.6400917937967296
0.8121698183587283              -3.677894745648041
0.321029464632138              -2.363876508161742
0.3079790718917268              2.9499927530686607
-1.1914650396021411              4.396934486299399
1.0435101360028285              -0.7078795770511006
1.0768293769745563              1.4800190852826751
-0.11401880383485383              1.1581183012285696
1.795599148045348              -2.4900334941343587
0.5649332333582777              -10.179878104785448
0.33580487262037356              -1.2589053163861095
-0.5440270380607422              -4.3972056798361745
1.304663271640558              -4.750159434748038
-1.3289460401823865              1.2288614532191198
0.876588866035476              -0.07189888927178598
-1.9581747512484016              -2.189339993926482
-0.016056953741230267              -0.9523048085576237
-2.9230652694344403              -1.2344115315383686
0.055182917955217806              -0.41628800727582005
1.611532805511678              -2.148895829347203
-1.365883232814018              0.0431964160440377
-1.0939155665920701              -3.080332892993131
1.8910295678335693              -0.9217497332730757
1.5785993106710392              4.744150780632023
1.447445905130167              1.4911154674654303
2.70875682557849              -4.047121112446817
-1.6117409702592167              1.3100078240013306
-0.6774855867796736              0.2548328343728114
0.26552839743301415              -2.8451529489219376
-0.3712679196415936              0.44947018137550004
-1.7163788937496236              1.8547988150370953
1.415848724885637              -4.977991362551994
-0.13289400276270202              -1.4058057981688759
1.155812960929454              -1.8403266200312298
0.4537571692306643              3.4133700120266823
1.058604177176717              1.319959362826985
0.5909662500154172              1.1275662827458
1.3525291320022397              1.0864910013784879
-0.4930290346222207              -2.1239367665810045
-0.0669701112595271              0.5081934301169925
1.4778489319243056              -0.41024523804476976
-1.2311104257387508              0.5284867771171906
0.060381708329028005              -0.6728743644646009
0.3938624925305011              0.65234686729125
-0.7214150662993853              -0.0898125263572839
0.3502350926339596              4.381949100622187
0.004575784501392279              -1.3978716522110242
-0.6329164069130904              1.1095401526409259
-1.1369151850080663              -1.6247112624241813
0.40300646803370266              -0.7534093693158436
-0.4962750478181255              2.257022429391629
-0.7767008424008217              3.301202614617864
0.8514295945297798              -0.8616252888914715
0.6505036070851039              1.4481498135780204
-0.5754592675359079              1.7827125720322303
2.8860207681036405              2.2996809553033204
0.17930155053977684              -6.338675220115235
0.44790742692870056              4.731728794979554
0.39243161681498506              2.24329822720394
-1.055781590327608              0.7777906848663472
0.6025100288727148              2.1436477112008263
2.4024389708172187              -0.8029286184999479
2.167319018727528              -3.394361798247008
-1.4193944644551293              -0.776264471861995
1.662978050625248              0.5787475095746837
-0.6719937046788085              1.8322339228308344
0.87790158269672              -2.050491366275017
-0.01144294077350336              -2.6695711134467897
1.3701650122098092              -1.3590147823560361
0.6134594561921166              -0.6474647928713143
-0.1435422436101064              4.527023445969503
0.686821333661819              0.8561058783622334
0.020608655890490053              2.3848894736081188
-0.3224324256224305              2.4611814406865453
1.2639249585345425              1.8774893221415319
-0.9223747018209826              2.0202651408119423
-0.28663678129202796              3.289044049853859
0.592930191480771              0.8230476490625386
-0.4288407083847269              3.1745672571784573
-1.0126873484603376              -0.7749822143662164
-1.1266003298703404              -0.9133254625715128
-0.4556245157723876              0.8783010237370021
0.029150877352335097              1.848840007623505
-1.2219560812354946              -1.7273177685434484
0.36005934589591876              -0.6689807114459112
0.5898226453395589              -1.1116970805824278
0.6811360460325828              -1.0609750730073098
-1.0465117466396814              0.5588098851681275
-1.2191960555574706              -0.35623853856701465
-0.11971108158591018              -5.618291073831594
0.8421499324702139              -2.604428376480081
0.1604301915827106              1.5201665695039541
-0.9058150369314071              -3.7314291797404353
0.027974603338866325              5.188687490753356
1.0323081004998058              0.3260840745868188
-0.6144492640711255              -1.1929562597814634
1.0039089946384028              0.5484141060299825
-1.4497111191287553              -3.777410607253047
0.9972315047630701              0.6853615182546179
0.6772859624425135              -0.7628783312180631
-0.17729295428510128              4.142997755831867
-1.6113455840851796              -2.9207544363947697
0.8271893960804798              1.275324762783954
1.3027914610893687              -1.556967223989537
0.08349008179942272              1.3107583430997545
-0.7996648215573295              -1.3369928993810098
-1.5360033552990735              -1.446658116846131
-0.19656597433899448              6.69473685433783
-0.9672965391133012              0.08808483773415707
-2.1648942040799635              4.363127012296023
-0.08873637415112325              2.985674381940154
0.6069331483442733              6.264379604032048
-0.1537395940127098              -1.3424442928914149
0.23067341544473902              6.256071096947325
0.7674530627335808              1.9633391121690937
1.4790949004509817              1.1487572874247585
-2.1100094710319532              0.3122958517321439
-0.526676746365913              5.512758960105059
0.2890518807218306              -8.424600212444298
1.2445074810721912              -0.899491426507821
-0.09817121141841219              2.0885646264562565
-0.3109431597580366              1.7744168973897985
0.08699156384251941              3.882253120359985
0.2502829665723652              5.0260248079823535
0.847649395109577              4.662900456772628
0.839384112771289              -3.1665016118214018
0.6336183245334528              5.306818613923909
-0.4274414381583424              1.409851360980636
-1.823159571412578              -2.335455543211197
0.7362640689405003              -1.5482207530970702
0.48937760311501677              -2.854600060248106
0.10501883767028675              -1.6523365700164832
-0.6249779906944062              -1.4226519492904934
0.4549443257111196              0.8479182276125594
1.1156160079859858              -1.838013928673175
-0.5971294917352983              -0.08645645699858441
1.4084167598094033              0.03563306865262791
-0.25665334925030797              -4.749453756952555
1.2772114885711647              2.6485459624687895
1.8939109711379423              -0.5238943299669007
1.7408002709809556              -1.2220140646170425
1.847784734921729              0.6370834477511705
-1.8866035808288049              -1.3271800494273573
0.10726008332575376              4.283286240362101
0.04559115119897982              2.4485894117806453
0.2625556349151115              -0.19971270576816622
0.5308157892702836              -0.06498073776942104
-0.4447173113673807              -2.655908267335081
-0.04048769129640911              -4.748749424639077
2.841201454235152              2.081446177304311
0.9019449060151615              -0.542053961248322
-0.03549655337611855              0.631989255959879
2.297652034029909              -2.378165836110551
-0.37339115491120345              3.509375604815797
-0.5411196145110492              3.3343352878664922
-0.7195947339398878              2.2319719004200844
-1.1022149816088038              6.207989515863514
1.3085408478078944              6.3514677680767315
-0.8293055790533329              -2.285290122171017
0.11921286998040813              5.916482843166815
-0.09249326653838069              1.6768095190014034
0.4237063287953243              -4.077784466083593
-0.7090180666167353              1.3229521264885944
-1.7784733825352297              3.9868726340072396
-0.7462199384601708              -0.5815645720428907
1.2612666746591197              -2.9394807189264145
-1.1993742019042073              -1.8809868042860913
-0.8589346713382179              2.7904301014546675
1.4710321015118761              -2.3077465262175862
-0.3495844732251018              -1.3470068868512395
-0.5808953087525914              0.33576950773183944
-0.1129536482315964              2.7392207232912384
0.4962822414958587              1.9815367082808466
1.292216314795805              1.0233833036103661
1.0448490295444233              5.44047944557718
1.1060701289033599              0.3433234296125801
0.24166381792303224              0.9778531945540077
1.4192464768652173              1.5762039182334169
-1.050536477776247              1.4800456334704937
-1.1547971335890213              0.4878237546695575
1.5155748443695147              0.6990099551719434
1.0372214815570244              -3.090434850486126
-0.687978793566432              0.2586889212631417
0.17121215802634154              0.49552488768928366
0.42411577321207006              -1.0977400720144868
0.9352132514349337              4.923094503721947
-2.4195776752217704              -2.529591378546645
1.1550731463316333              -2.4566064186086014
-0.9507396400955379              0.8820986837783364
0.008723677021853891              0.7315531420845864
0.24700205949582638              3.7416608933739828
2.5949535349086883              0.4306592859074504
-1.3838015850403558              0.3129906118673476
-0.32694421460709266              -0.12689853751454444
0.07874828805630403              2.9348969991079756
0.6291017813255815              2.9989284572115995
-1.2065830974308789              -0.6763813856182282
-0.887928495002273              -0.3034253375610098
-0.10577282044344535              -1.6901139875370454
0.951156605961391              0.8779654753509197
-0.24409684121569064              8.578902987148409
-0.2383888806236444              -1.662389438341391
1.8809258441793453              -2.0946102535204663
-0.3452597141630286              1.4639083937530248
-0.39866775718945346              -0.6358945159434501
0.10057746156484527              -3.8259937396811816
0.8429051963236587              2.5600784284487688
0.32662412556442477              4.7938064758806265
-1.2247039809667941              -3.8859487336870524
0.9561249985515122              -0.22180178597529876
-0.6921822728645032              1.030147414008464
0.24538109196404084              -2.1182812817006225
-0.266750372590797              -4.937045734344492
0.2862538346901421              -2.875906752212826
-0.3415448787935064              0.34090686077852106
0.40362710252295325              -3.250163718777072
0.521777075420563              0.8815239621320848
-0.03648996877517714              0.9111984567446361
-0.7474561441203327              0.6409681338215416
0.2487599900503946              3.508004173646555
-0.17444121818062316              6.107836386373731
-0.6014340353204553              2.5272693467137333
0.22854057065002428              -0.4785944993311575
-0.6877192638042912              3.5570677897476597
-1.1686808503411699              -1.5834507428288038
-2.533110145504595              0.1390409259027579
-0.09527754864318126              -0.32115061268565864
0.3308555783972789              3.0085773382955643
0.8992413001617076              2.0418238509871265
-1.4823452664933054              1.154978613153116
0.4437913724538753              -5.527984787091287
1.3647281183162177              -1.6419164756919356
-0.7293289641732434              1.5620097188658444
1.414619213989149              5.941874915944286
-2.5111168399320336              6.38974989449249
-0.1549954115053333              1.383316822247742
0.3267929451389026              6.803470818640408
-0.6312700310978135              -6.025036890131937
0.37164460630727386              -6.9547131861110705
1.6720317719679323              -4.593680421349228
-0.5483648231388164              2.2231546858577365
-0.4701255828418585              -2.6597120018793987
0.33400994566687003              -5.742156698288229
-0.5796149035650179              -0.5097512797250068
-0.36009035571531217              -0.8316882656226762
-1.8653684868057934              4.095546665661557
-1.2472506143439686              -3.799743346532958
2.108424070503551              -1.5788539467375482
-1.2779954434295338              -1.814491405910039
0.14960648430747073              0.5881488445786168
0.49320580168846395              0.3931233045706621
0.905273728882998              -0.1511304882318643
1.2404965259233376              -3.1432413525876113
-0.24957766675074783              -0.24070495955847246
0.3675315639198053              -1.987425262140066
2.1073786646607418              2.659699860840195
-1.6614925831328557              -2.313774926747496
-0.2784132185073483              3.779561455903162
-1.367728875912548              -2.6399923896731092
-0.862748380313179              -1.2437950472361117
2.831442537795284              -0.0176456401869889
0.23610175935743108              4.834175211438738
-1.126896789373643              2.6890931878104576
1.035197901211464              -0.07488900730373911
-1.1707671385664735              2.3564593797889275
0.3396958368271406              -5.609402920473627
0.19196807942780997              0.29124749665420624
-0.46925769683026275              -3.3502555808068513
0.3996993183078455              -3.5781847840581054
1.81502378711758              1.8952435167546298
2.7999463463780856              -0.6520927698123936
0.8595248665906658              5.421629205651666
-1.4810713721998758              4.895833145247053
0.02693405237986032              -2.72430345901111
-1.2529231141669168              0.6521262836328315
-1.5340788112228871              -1.8534875764930794
1.142317049053449              -2.618939211260175
-0.6780535757501378              0.8570024295781846
1.4150878378137342              -1.053999570982178
-1.4935935199257266              -2.5948066485852728
-3.1139286839074343              3.392692396583757
-0.5289836946672936              0.6381074109035295
0.6822816653035396              7.629255588668694
0.05192789094607854              6.884907814562196
0.2647738184327629              7.697205588423109
0.709877713518267              -3.234119929865856
-0.21536436104035098              -1.9462896696071375
-1.1699874591996309              -0.9383978075183624
0.09840354276902924              2.162885231733294
-1.7750751661111537              4.348950775518918
-2.117980750533683              3.5914641445163165
-1.3026687497707767              -0.3301128040877933
-0.14892798242539002              -4.353193312823999
0.4602374628931601              5.983719430556092
0.21104738900992387              2.4789303203653135
1.2091674599356674              -2.2650805460548322
0.5605525752759629              2.7180890195414333
0.4752293903690616              3.799728599053385
-1.144249887654818              -6.041307434868058
1.1153067415358822              -2.2309244316937855
-1.1537040649750223              -2.0381595581725915
-0.5492377601558709              -1.7634503143093796
-0.1268309567154087              -2.0686635619193887
0.22944910440321345              0.5506393400783859
-1.9259888835470007              2.593711126120577
0.5242940328956376              -3.032751475814424
-0.5799083330322041              0.17519970226549628
1.5648142373294265              -0.8977157308277537
0.8785221788301353              -3.7831454828551894
0.7452442755667683              2.942995304418183
-1.509227028830813              2.44730417790035
0.8457086666177654              -2.4417546628681923
-2.240485258740535              -0.7924011735686699
0.34473620212508754              -2.1788592482201437
-1.0614723448272125              -0.6431279570265337
-0.42053054845972804              -1.177571928596181
-0.6769779832336253              -0.3146911553969503
-0.5001763810115173              -0.7168264711149044
0.30330207312418334              -0.6693953863335156
2.116642407269362              1.7751463944142616
0.11625048163618085              9.073275674109173
-0.48197145153929016              3.423833095374811
-0.4769592507432628              6.064070394075858
1.9776385215021495              -1.484672626283188
0.1371273258750371              -1.8498120293208067
1.3164111141521753              2.9673470012712455
-0.26882788469313396              6.421262495675565
1.3966506235428149              -0.09224862580373677
-0.7981063834998322              5.823061000598675
2.3344346989420712              0.5585325399932994
0.38116176380879074              -0.6082610938532909
-0.5998920824275075              -8.605365958528802
-0.20418080084394535              -3.2561934421520156
-0.3629919712139388              0.5296769860211643
1.084076957030987              -0.972189054637134
-1.43228478855543              1.3436175359784877
1.7342815007063506              1.7869784502475434
0.407372331842736              0.2375242553284809
0.49095624533850757              4.851525322777211
-0.664893878297026              -1.6308984367861907
0.9459551885442777              -2.3956417312526352
1.4253617899145197              4.835296261518335
-1.259810900682947              3.3397237216979065
-0.23950416057577154              -2.026396182670985
0.28498613052512256              1.326156655185142
0.03624997746522791              -0.5913560074188603
0.6726933108181342              0.4582323959809178
1.1284432896361725              -1.1743087578915643
-0.428525975267171              -2.6560058746421724
0.4717260201117304              -3.0992532839729114
0.20379691503562852              -4.091339289089502
-1.6836672314282881              0.47421124218962246
-1.04586583034639              -2.216307587657859
0.49749840576915394              -5.549008067886846
1.6014628499833004              -6.331404978223094
0.2798471669916002              -0.18735120496796012
1.535365026685131              -6.374864437475065
-1.1905805141347683              2.7494638435790675
-0.2046440014873638              -0.5511365033622558
-1.3063740194279765              -3.764231342931744
0.5925863550989083              -5.267535120293962
-2.1082587282200906              0.20908054171906465
0.636038933250221              2.2187148525220195
0.7707444283560999              4.2426274386858225
0.6302793356695267              0.09547558402335095
-2.2562850387219493              1.9095888208187113
-2.8623111717911955              1.592285712945516
0.6494296087699838              -0.08671514526487126
-0.8305491448750172              -4.930290625980655
0.3976236880494024              -0.8315920974035984
-0.7238928348710123              -1.6025094222976481
0.5139795324502764              -1.59740883874209
-0.03879187443686916              -4.420698491882141
0.059948868404640615              0.2938352261988193
2.5260041248862763              0.6340815303851342
1.854796786629452              3.113452750391441
0.6214008980115175              -1.99342619582311
0.06806093738913604              4.382374441097337
-0.11993598374503366              -0.7271737617460472
-1.2279322344384562              -4.138168647673678
3.135128862459834              3.229220038154228
-0.42018300602040726              -4.519413724745541
-1.9024026820170146              -4.204228264167977
-0.41987903201986365              2.7096132946224807
-1.403734286646514              2.761136782505418
-1.26151490829903              -2.3677357643023553
-0.7060158082409564              2.723156393879286
1.0677531842558352              -0.4815663317751369
-1.6179246923146442              0.879184089436894
-2.6896457564031127              4.009297882404588
-0.7817014991050755              3.3056612955029188
-1.9751040551297023              0.8238762644755164
-0.5101461767434171              1.8650975618692567
-0.8743131274238041              -2.189005459175921
-1.0730127419525153              0.663085441130275
-2.532671291324465              -1.6301835262533488
1.748680919300478              2.2444280218292296
1.0109190886833914              1.008536767302203
0.6785727384714593              -1.3601888472531551
0.20783401285504813              -0.9741987652635988
-0.6530711294643587              -6.061806156472893
-0.4780286341802895              -1.0834437290928105
-2.424959016594112              -0.318682772574366
-0.4621505994020381              1.0404687257171263
-1.365895636355917              -0.9884462099785698
1.543071553653665              3.73287505237958
3.011245152966147              0.16895117533544185
-0.5346388606701068              -0.3832032779816986
1.5074700058786472              -0.3975331048338821
-0.20349764201559536              0.4573875927347223
0.12228308977490826              -1.965090752650759
-0.8472127182241241              0.3480665042500798
0.06524109234626767              -3.281210708817232
-1.2241071523958242              4.678156649103568
-0.5627849709018438              -2.469084115834375
0.010743973161358212              1.182034938601183
-0.6752399816977068              -0.5771484528326809
-1.2196631489624714              3.9101170402778793
-0.8924613803725373              3.79506921585102
0.24387669196922424              0.9761402152523422
-0.9886095484996172              2.741171581845545
0.521618414130416              1.7998658333625552
-1.6146336250766404              2.4740467289252788
0.3757799028992796              -0.28642039541691355
1.6757772683348007              0.6127009796329304
0.0015221338765903335              -3.255161157681539
-0.09368772747750075              -4.478673306038788
-1.3089591160002272              2.763518285336523
0.5896152011880011              2.7501609754668395
-1.8684860728172332              1.8908349517137961
1.3383275381430841              -0.6991540011315612
1.3392405929538695              0.7599296285972686
1.5490140994517754              -3.1146237977455127
-0.6014298090145949              1.9412665264868445
-0.027824479998493933              -1.9277429299990345
1.5138076618909189              0.7425069889058107
0.000599651412375818              -1.1859045427803265
-1.3031719412626175              2.1244008110700072
-0.19181877719037355              3.2097905335115198
-1.5732069526387942              5.506455119024272
-0.24876235217998682              -0.28483545382651987
0.06664236382882478              3.5217042194335177
0.5953698235420057              0.7978979973546383
-1.795833385543238              0.4830195492429694
-1.8656058959255608              -4.770268567773351
-0.8067630421041154              -0.8199631167064709
-1.0894369282717007              -0.923430095993888
-1.0096267033627286              -3.000857780778017
-1.3317384122085758              7.189771032736336
1.793291972388818              0.20131128861561542
0.25078209572790533              7.7494431961988095
0.6601631004383594              -1.9689162475697548
1.6535301277239598              0.33375756428438197
-1.868146253395807              -0.9802408238540474
1.711098483184268              -0.026118236484031596
-1.2423422323766398              -5.7946236828796645
0.9729337267902767              -1.6384870102446967
-2.3369541971301646              3.8445117158956994
-1.215189711114366              -2.9806032967989613
-0.7670674053865606              2.9928682974952108
0.39199831850965144              -0.3968889524916966
3.162299988374903              3.7027169090431604
0.0788564554147162              6.372982048719799
-0.9811372391017726              3.477206748368189
-0.8007328934983572              1.0531430891045832
1.5646631634679733              3.328046281380897
-1.513324160289526              -1.6442742902714846
0.9809003683894366              4.788312062995427
-0.7004780035384172              -1.1384808801375397
-3.0199726137936627              0.4312873251865331
-1.8172584300541967              1.076625720995455
-0.3775195514637039              -2.9256839428824417
0.3719555363254786              -3.871776869863673
-1.1031139846266929              0.8303464260233561
-1.616484184871819              3.957728141497677
1.0677326633568982              0.11201062978586063
-0.6965285615801777              -1.825034777326662
1.356660222905834              -0.47953793578729476
0.5636111508370798              0.6038235063048096
-0.06488848972984092              0.9161338955985001
1.4933135296378413              -2.828621666621977
-0.1427552435586072              0.5304054536348766
-1.0455606402715962              -0.8286588382114561
-0.8639199278963087              -3.192802252929361
2.8850082790236646              -1.77776661056362
0.8424910617029611              -2.5234054751172654
-1.812739668804304              2.513830141089805
-0.6062308519338542              0.5344885490572726
0.0754822459760113              0.30617004801913605
-1.111495636980117              6.5013780738355775
1.5447136702691782              -1.0983796701225474
0.45059320535722525              -6.2181127614678955
1.536252153889449              -2.306150209676378
0.2816974117099834              -4.016259458074307
0.1237237128787132              0.4966284209810737
0.5248198300481862              -2.2879974302716026
1.1900928950068361              -1.0029678800776332
-1.0246144888320137              2.70193286757506
-0.507752257118282              -1.5864233456395522
-1.3798518270754778              1.465113080497751
1.5656935348469883              -0.5098242208791868
1.5822085017164547              -3.404349945096196
-0.8698746472035623              2.6382554719405777
-0.6269641999992784              -4.643949387175654
-0.6194721237277623              1.8854795790915202
-0.4156846827451945              -4.303042782054074
1.1595042614627573              0.46768468364826643
-0.21987852993048418              2.7045080213507484
0.6160395444715564              -3.080916671209261
-0.017556538477846856              -1.8592901334776566
0.008797024836767241              2.4298820012245272
-0.9052829952309511              -6.1243251173941715
-0.6436335023027488              0.5067431650829538
0.6105380600148415              2.167423381326178
0.654479593647613              2.3102943735906347
0.7956880872112825              4.82116118962082
-1.0578727316357992              1.9084645823728268
-0.5135861073602576              0.407671271858619
1.0470526904985815              1.0632247959599161
-1.9036212789888007              1.9653343254960243
0.6294681794666656              -4.2885762434882855
-0.7556837804605964              3.356805822995813
-1.7327712205540529              -0.5065561562628227
-0.33536576384081623              -2.874903511862443
0.620000323167282              -1.1686174323171685
2.0238699011015275              -3.458646948833942
-0.5321784980231383              -2.579655287518681
-0.046891661190410217              4.009152835371903
-0.11543675709457972              -4.7833376391961275
-0.694910602690274              -3.805577038726501
-1.2995117346193423              -2.143292356102186
1.4596355950840147              -3.2302588191082098
2.0138167605318573              -3.9018606858751426
-0.5915861536193046              -2.5065336789194896
1.138585463132997              1.2647501540834278
-0.2502480319259032              -0.3395511068121743
0.8485468446994907              -2.6396166045611897
-0.2882672747580729              3.452927094956096
1.32633527811945              -1.8130084879412314
1.5225840399476651              4.245034550610181
0.7836441496304404              0.4875515636737383
-0.13254755687673553              -4.914778370602914
-0.3001526988568174              -1.534294527794109
2.6707640262968058              -2.4127921571014954
0.057354782661107676              0.6640467500475935
-0.8607980025134729              1.4112366131523646
-0.44844975835739415              -2.6079565083935274
1.6103004949186193              0.9537362982667907
-0.11759041495040733              -0.9896337249157388
-1.5179903475741887              6.5372056194573185
-2.1865727392206793              1.4084468304982867
-0.16528454925478572              -2.2924525423897273
-0.7674450731218062              -0.5894509570981541
-0.4518716669441924              1.3089830073185658
-0.45676671001988217              -5.264497497267484
0.46643688811674106              5.162309994103202
-1.0902895169770046              1.2414786517836758
-0.9069621497372612              2.793049188378284
0.420750346440312              -2.507275956892558
-0.035498853150813164              5.230517856606472
0.055165989211205635              -1.6267493258835768
0.4246259909362613              -2.811472511289078
-0.30058389052563605              1.690463301360494
0.22580435408489488              -0.02704096933776731
2.2334115749788146              -1.366781214898348
-0.9454114081673559              1.4985377617828795
-0.7504030387811337              0.44145930558393265
-1.7491060537730228              1.4042153074899208
-0.9904319820308759              4.276019055068384
-0.8004765823721139              3.0227631823832577
1.4971548134925796              1.9448866659204584
-0.8551670162230915              -4.097852868287027
-1.519915250738866              4.39174018080783
-0.33571812133650525              6.317603600747035
-0.6695667710780075              3.707050778930987
0.7754854650285267              -0.6503269148143732
-2.340433095579124              1.3409645889638637
0.11150645006679535              -0.7441119509127413
0.9180200477297932              4.185137758016738
-0.9879617640790612              0.10021492215945313
2.8717219071917963              -3.607762662259108
-0.446815269893229              -1.5870479037186804
-1.5239898839833657              4.881952120800518
2.326627774627227              2.3465710250922673
-0.6041429322438128              -3.783930251543578
0.7038613247526819              0.9400519201953105
-1.3053386234502788              -5.522865753785015
-0.38770441075225476              0.8734825075550116
-1.8910662203297222              4.225878380783937
-0.6424599247833871              -2.9694777502341183
1.2818572571908362              0.12836958734313214
-0.732685213174683              4.309281316474539
-2.150173504988427              1.3475817949353903
1.5576867895687914              -2.101162494779901
1.7639073617871546              -9.87077522485803
-1.7133501912104736              -0.8924882985833836
2.0988889357760465              -2.5797108364188097
-0.31873929295884024              5.644567719161351
-2.6847104011283847              -4.857597764639531
-0.36189340711523216              5.892259223473686
-0.4851689851133478              -0.21718140659992785
-2.2509582732364866              3.6722726952327314
0.19995170068791024              4.740074517606447
-0.06108867527816979              -5.906915977174422
0.9784724376725025              -0.9366642412075497
-0.008797641423205115              4.275326751057168
0.07386641042943423              -2.6029437095008676
-1.2116078521689122              2.8455741901591978
1.034394508797657              -1.5575898785684585
0.4234135269529737              -4.015684881472262
1.2318284587010293              -2.5737952953929213
-0.18109573449122685              -2.316667304026856
-1.299077295357837              -3.6137133631132605
1.13400756506538              1.073577972400974
-1.8809225459378092              -0.5348622059611193
1.4277803951665065              -4.530485518776584
-1.4929662868808604              1.2066100436618967
0.039821522378599275              5.430055375669255
1.5478343042494735              0.9157360858552452
-0.39573041980582574              1.5339841608825795
1.548687936537184              -0.25276117533187586
0.4029231862355531              2.9600713233487848
1.0376670684199925              -0.5908191615984532
1.9030930950616265              -3.094697803937378
-2.5881941600107634              -3.5774869672908163
0.05564184491300177              -1.5808726444403474
0.753807143193471              -0.3830860296557436
0.4022279707417372              1.3690035996368055
-0.13743174025637206              -1.7344024937196536
1.8564427685699916              3.0142387597886273
0.20674989308105013              -0.9587078599649391
0.2113946949623919              1.2753988637729756
-0.5226701211551544              -0.9764046452559307
0.15919359218269455              -1.888236971180847
-1.2774331470043465              0.40444773447345944
-0.3193779445197784              -3.0634185398904688
-1.1984232888486974              -0.5261001497287181
-0.6795139909908855              3.583937895227966
0.47304038775226837              -7.739031487899685
-0.17120466424717004              7.166231099992786
1.188662842931448              -2.0600227196700622
2.2455012951538733              -1.7166183689473902
0.2509604287245662              -0.24387180201652378
-1.3467274031891747              -1.2286453160182518
1.039869723165225              -2.94486925207699
-2.2643864380154386              -1.9002966954633953
0.6210570734914781              7.020225342052247
0.7450390414010746              5.346288321098996
-1.1295435383406087              4.747165850458893
-0.9365666719228256              -2.7749683993130794
0.6386066648708513              -2.427500358290501
-1.1276887433545504              0.22669313377401262
0.9550114958839491              -0.6653051898195552
0.13324375797559485              -0.058704338660232114
0.31480345505393026              -3.999697740485345
0.31403282580860686              -5.039473064590859
0.20521458667212739              0.9919468883429733
-0.5951391318893288              2.680607248878074
-1.8541258402587397              -0.9444440799139409
-0.14079076298556173              -4.286259005071449
-0.09747473023356332              -2.401186274212264
-1.814113092357177              -1.3316450286118862
-0.6089024746017399              0.4030816139824455
1.763809460334816              -3.2068191719185872
-0.9452474617081861              3.249271264799217
-1.1148863348305946              1.0651659537421976
1.625862669629777              0.5048155115629028
-1.2785667475622111              -0.7145887249178325
0.15202406848894717              -6.7190182187571335
-0.3026827960067123              -1.4608797299110834
1.4162599814308072              -3.7672945704079175
-0.5799445658709136              -0.5596889564263133
-0.7893266539554166              -2.3587299548090512
-3.2121719785933114              0.46528672172607655
0.13613757916776276              -0.9972297804247101
-1.5555868418102854              -1.3549297514197591
1.2047190565820953              -0.042453015891516496
-1.4096950583518255              1.492812552067969
-0.587945592255238              -3.091192792267402
0.3891505700654809              -0.9778088150601847
-0.5965027519391399              -2.8657560683380945
-1.3509703909334525              -2.396361851214419
0.5954672749914472              0.2981645824432049
0.6119890095563938              3.8622018012376667
-0.5647429998556031              1.2923922154958982
-2.136286455447525              5.361387338154622
0.9628550688509335              1.2117696845728763
1.2714973519587087              -3.9876533159624743
0.4892741820162208              -3.4668322870208583
2.20830700398078              -6.739125447457453
-1.298305142197518              -0.6116640726164564
-0.4190797232492135              -2.282423939220783
1.558699860538293              1.093015256179359
1.1292250316510697              -2.26704916053907
0.9996633187793631              -0.7237388334253669
0.18721185246088506              6.589850012120016
3.3252404444117065              -1.2276991399392367
-0.05489496513879133              -3.4096959930200237
0.06260624672295498              -3.103513851996599
1.339419516432323              1.345721245544225
0.25626168250129144              -1.600478183965227
-0.20237056599986936              -3.5603789275889377
0.5816936512264687              -1.2349694775369828
1.2017932102072824              3.884912735561625
0.7680026680897809              3.9601753146976244
1.4638407789092713              -3.2496611691154356
0.14695177402388113              2.8270736751295944
-0.47438645304327626              1.1574792173461983
-1.9800813993257063              0.6433075148674879
1.436594308488565              -5.6028676849887376
0.010916518298415254              5.392226122545052
-1.2629787957350567              -0.5661909804863006
-0.6364544372385609              4.089391914095043
0.35795752730274455              -0.732838076426674
0.9192490510500959              -1.2992194527406313
-0.6990623122703263              0.06644319980719071
0.5333890306844223              8.075628505254539
-1.9110660812818951              -0.36615803053933554
-0.06251986135215584              4.263271701349993
-0.8167932947926476              -4.345664357440231
0.8552849981333318              -4.480918225366115
-0.12558888633988471              1.8351722853192503
1.3966594246655426              2.718226488394614
1.0932966612606654              -0.08034332104374578
1.415559272030842              1.034173362821685
0.7756650717887272              0.6067370322843582
-0.9851836783947867              6.144596904578717
-0.5623094146193534              0.600499893629255
-0.21704004043719155              -0.03166007939106102
-0.03956322959030692              -0.6653390078289614
0.6926059089658908              -0.8403492862519127
0.08352305937678683              -6.22851661242284
-0.3842266932972252              1.262696793612632
0.9361738285772042              -2.3401443274615468
-0.8306092078788065              -7.132850943449261
-0.39819156805110106              1.2570809899739543
1.2561107707747878              -0.8533639474156087
-1.334687183151615              2.9451501804441422
-0.8939895124891032              -1.5802380036429926
-0.0401252640916164              -0.8893664957992549
-0.5602065489245063              -2.0604829364096227
-1.5916988490694972              -0.7269765323948018
1.1327167203017787              4.5998856568725905
-1.3462738597114434              -1.6508812959397363
-0.6731836740624881              1.104472428595313
-1.1250515191506372              -2.316124044447875
-0.493849946630554              -5.454364378317583
0.6146909036594672              -0.8571204223870083
0.9289975478319151              2.851429769731007
2.7352293178436278              2.4805134339486536
-0.12806966569639353              1.0011945379574065
0.8568353070718727              3.7655808588654796
-0.8628375386991826              -1.7135019398859181
1.0053264600765535              2.561964896860083
1.882618307292582              -0.5129342457245385
0.3640824177164362              0.6097674176736774
-0.14499642624534467              -3.814277209176373
0.4433318135395155              -0.28189664998067515
-0.6958476740743861              0.5908605024846117
1.1958324134397633              -0.012468825886331296
0.5529089872047603              -0.07599413623205027
1.0081599583712237              4.266819010470431
0.02818582240604269              -4.281802403972462
-1.7216859989600868              1.0478047452616805
-0.6144102347562767              -0.7292136128450043
1.4371705288410226              -2.9584625185562334
-2.9772081911248516              -6.5212831855358955
1.0845396576645845              -8.940266842021984
0.28109547355619885              -0.3073060734264008
-0.17512895959565922              -0.3573764251310026
0.3705172025223793              -6.012128543520889
-0.7639533492140888              -0.6089189758062293
-0.20930723779204807              1.230913242937184
0.6798249805523212              2.6314934725980264
-0.3974483295123285              -2.409932177914671
0.004844550913234456              -7.974755483438991
0.4061334285334555              -0.08917544889996451
0.12899558003648517              2.6224577122531185
-0.1529637457343854              0.8454526958986108
0.14431524725342418              -1.6346166715967332
-0.6725267404105348              2.194573980173974
-0.9707286749254865              1.3454123778879024
-0.3011869089974976              2.41551249696412
0.2458595824023103              0.34177572468799444
-0.569718331848989              2.7823142209249054
-0.7337969320364661              3.123530698174049
-0.6816436624344079              3.2576046374167094
-0.633890714920355              5.983055377642112
0.7709160747167072              1.647952245507878
0.4338943250478368              0.4696706039889022
0.45557394029090814              -0.3787088725347169
-0.6067536967012116              1.0330414961103436
1.9604973928103817              1.6247297732038304
0.12372132241593592              2.3423335487944033
-0.5996839840383991              -5.0490169349559935
0.11173212470237985              -5.017119499434177
-1.5624349609012704              -2.125722889142839
-0.28873489632143484              1.4291434716096856
-0.07087472891145824              -1.4131938020322174
-0.09328570758168829              -1.326774791178097
1.968439371147082              -7.835262433075853
-0.30387743619261165              -6.4208987061853025
0.3833119635826689              3.5759554526919444
0.5422943654411904              -2.4764257808729195
-2.8588648058151604              3.094081129413624
0.63934485431372              1.849614554803163
1.479662314060378              -3.8100848905993416
-0.6969545395795403              -1.3001774830403152
0.3137646116914216              -7.74149907650276
1.1361762419809678              -5.2047127727695495
0.49840939517337024              -6.876394669057816
0.43867440117340073              -2.917788288467703
1.247451261200946              0.9462493797780035
-0.7965165849984781              -0.00210345381660805
0.27982665692797154              -0.6596868853413231
0.5191509860910777              0.24181808331678442
-0.14958695862766083              -0.8050875446032656
-1.483692135819381              0.8802566863882708
0.1295230195807658              -0.7252993086319476
-0.056244078154351645              0.21473152085070987
-1.0233562820843984              -4.235617873676693
-1.684333507973558              4.188613626159814
2.538736465292904              -0.665523287846448
1.5832267541311553              -3.191747193294706
-0.7216093721026137              0.28392818754515625
-1.0832854839734374              0.7107614949794975
0.749826901042549              -5.296727262161056
-1.6735515760809265              -1.9829062386448892
-0.24252953573582503              0.16872471889771057
0.4282739087355063              -4.542312446818795
0.1030053731016286              -1.7111926426215698
0.8472086243505164              0.8928772209049199
0.1577790616550821              -1.556185656213613
-1.471194881641914              1.6006997100796727
-0.8998628388581376              1.3709560441488031
-0.5721191588201504              -1.5490108153716482
-0.14727746350020815              -4.090297809031622
0.5878870982577189              1.1915626080995845
0.8664505872189558              3.6655325348157977
1.230513875237313              -2.8944290322658297
1.2648102786020776              -1.181319654138883
-1.1336716015033135              -0.20240155026582907
0.8559167175516444              3.8403971710665594
1.20652853469924              -0.146651216646636
0.4642354369394582              1.305144817819021
-0.15878052593661154              -1.89639404839319
0.0800962623013129              -1.8187590034148906
-1.9485652888724032              1.6558066884353075
-0.7054840612991583              2.064740999956647
1.0120782220303612              -2.6833010273674183
-0.8129035554738341              1.6603507963679038
-0.11929862175699893              4.586673767947897
0.6385686837274434              -0.5944020210696411
-1.0108841784418845              1.291119952566615
